Start time: 2011-4-1 16:03:58
Channels:1
Time [ms],Y1 label
65708,173.000,0.000
65709,172.000,0.000
65710,171.000,0.000
65711,171.000,0.000
65712,170.000,0.000
65713,171.000,0.000
65714,172.000,0.000
65715,173.000,0.000
65716,172.000,0.000
65717,172.000,0.000
65718,171.000,0.000
65719,170.000,0.000
65720,170.000,0.000
65721,170.000,0.000
65722,172.000,0.000
65723,173.000,0.000
65724,173.000,0.000
65725,173.000,0.000
65726,172.000,0.000
65727,171.000,0.000
65728,170.000,0.000
65729,170.000,0.000
65730,171.000,0.000
65731,172.000,0.000
65732,172.000,0.000
65733,173.000,0.000
65734,172.000,0.000
65735,171.000,0.000
65736,170.000,0.000
65737,170.000,0.000
65738,171.000,0.000
65739,172.000,0.000
65740,172.000,0.000
65741,173.000,0.000
65742,173.000,0.000
65743,173.000,0.000
65744,171.000,0.000
65745,171.000,0.000
65746,171.000,0.000
65747,171.000,0.000
65748,172.000,0.000
65749,173.000,0.000
65750,173.000,0.000
65751,172.000,0.000
65752,171.000,0.000
65753,170.000,0.000
65754,170.000,0.000
65755,170.000,0.000
65756,171.000,0.000
65757,172.000,0.000
65758,173.000,0.000
65759,173.000,0.000
65760,172.000,0.000
65761,171.000,0.000
65762,171.000,0.000
65763,171.000,0.000
65764,171.000,0.000
65765,172.000,0.000
65766,173.000,0.000
65767,173.000,0.000
65768,172.000,0.000
65769,171.000,0.000
65770,171.000,0.000
65771,170.000,0.000
65772,170.000,0.000
65773,171.000,0.000
65774,172.000,0.000
65775,173.000,0.000
65776,172.000,0.000
65777,172.000,0.000
65778,171.000,0.000
65779,170.000,0.000
65780,170.000,0.000
65781,171.000,0.000
65782,172.000,0.000
65783,173.000,0.000
65784,173.000,0.000
65785,173.000,0.000
65786,172.000,0.000
65787,171.000,0.000
65788,170.000,0.000
65789,170.000,0.000
65790,171.000,0.000
65791,172.000,0.000
65792,172.000,0.000
65793,173.000,0.000
65794,172.000,0.000
65795,171.000,0.000
65796,170.000,0.000
65797,170.000,0.000
65798,171.000,0.000
65799,172.000,0.000
65800,173.000,0.000
65801,173.000,0.000
65802,173.000,0.000
65803,172.000,0.000
65804,171.000,0.000
65805,170.000,0.000
65806,171.000,0.000
65807,171.000,0.000
65808,172.000,0.000
65809,173.000,0.000
65810,173.000,0.000
65811,172.000,0.000
65812,171.000,0.000
65813,171.000,0.000
65814,171.000,0.000
65815,171.000,0.000
65816,172.000,0.000
65817,173.000,0.000
65818,173.000,0.000
65819,173.000,0.000
65820,172.000,0.000
65821,171.000,0.000
65822,170.000,0.000
65823,170.000,0.000
65824,171.000,0.000
65825,172.000,0.000
65826,173.000,0.000
65827,173.000,0.000
65828,172.000,0.000
65829,171.000,0.000
65830,170.000,0.000
65831,170.000,0.000
65832,170.000,0.000
65833,172.000,0.000
65834,173.000,0.000
65835,173.000,0.000
65836,172.000,0.000
65837,172.000,0.000
65838,171.000,0.000
65839,170.000,0.000
65840,170.000,0.000
65841,171.000,0.000
65842,172.000,0.000
65843,172.000,0.000
65844,172.000,0.000
65845,172.000,0.000
65846,171.000,0.000
65847,170.000,0.000
65848,169.000,0.000
65849,170.000,0.000
65850,171.000,0.000
65851,172.000,0.000
65852,172.000,0.000
65853,172.000,0.000
65854,172.000,0.000
65855,171.000,0.000
65856,170.000,0.000
65857,170.000,0.000
65858,171.000,0.000
65859,172.000,0.000
65860,172.000,0.000
65861,172.000,0.000
65862,172.000,0.000
65863,171.000,0.000
65864,170.000,0.000
65865,170.000,0.000
65866,170.000,0.000
65867,171.000,0.000
65868,172.000,0.000
65869,173.000,0.000
65870,173.000,0.000
65871,172.000,0.000
65872,170.000,0.000
65873,170.000,0.000
65874,170.000,0.000
65875,171.000,0.000
65876,171.000,0.000
65877,172.000,0.000
65878,172.000,0.000
65879,172.000,0.000
65880,171.000,0.000
65881,170.000,0.000
65882,170.000,0.000
65883,170.000,0.000
65884,171.000,0.000
65885,172.000,0.000
65886,173.000,0.000
65887,173.000,0.000
65888,172.000,0.000
65889,171.000,0.000
65890,170.000,0.000
65891,170.000,0.000
65892,171.000,0.000
65893,172.000,0.000
65894,173.000,0.000
65895,173.000,0.000
65896,172.000,0.000
65897,171.000,0.000
65898,171.000,0.000
65899,170.000,0.000
65900,170.000,0.000
65901,171.000,0.000
65902,172.000,0.000
65903,173.000,0.000
65904,172.000,0.000
65905,172.000,0.000
65906,171.000,0.000
65907,171.000,0.000
65908,170.000,0.000
65909,171.000,0.000
65910,172.000,0.000
65911,173.000,0.000
65912,173.000,0.000
65913,173.000,0.000
65914,172.000,0.000
65915,171.000,0.000
65916,170.000,0.000
65917,171.000,0.000
65918,171.000,0.000
65919,172.000,0.000
65920,173.000,0.000
65921,173.000,0.000
65922,172.000,0.000
65923,171.000,0.000
65924,170.000,0.000
65925,170.000,0.000
65926,171.000,0.000
65927,172.000,0.000
65928,173.000,0.000
65929,173.000,0.000
65930,173.000,0.000
65931,172.000,0.000
65932,171.000,0.000
65933,170.000,0.000
65934,171.000,0.000
65935,171.000,0.000
65936,172.000,0.000
65937,173.000,0.000
65938,173.000,0.000
65939,172.000,0.000
65940,171.000,0.000
65941,171.000,0.000
65942,171.000,0.000
65943,171.000,0.000
65944,172.000,0.000
65945,173.000,0.000
65946,173.000,0.000
65947,173.000,0.000
65948,172.000,0.000
65949,171.000,0.000
65950,171.000,0.000
65951,171.000,0.000
65952,171.000,0.000
65953,172.000,0.000
65954,173.000,0.000
65955,173.000,0.000
65956,172.000,0.000
65957,171.000,0.000
65958,171.000,0.000
65959,170.000,0.000
65960,170.000,0.000
65961,172.000,0.000
65962,173.000,0.000
65963,173.000,0.000
65964,173.000,0.000
65965,172.000,0.000
65966,171.000,0.000
65967,171.000,0.000
65968,170.000,0.000
65969,171.000,0.000
65970,172.000,0.000
65971,173.000,0.000
65972,172.000,0.000
65973,172.000,0.000
65974,171.000,0.000
65975,170.000,0.000
65976,170.000,0.000
65977,170.000,0.000
65978,172.000,0.000
65979,173.000,0.000
65980,173.000,0.000
65981,173.000,0.000
65982,172.000,0.000
65983,171.000,0.000
65984,170.000,0.000
65985,171.000,0.000
65986,171.000,0.000
65987,172.000,0.000
65988,172.000,0.000
65989,173.000,0.000
65990,172.000,0.000
65991,171.000,0.000
65992,170.000,0.000
65993,170.000,0.000
65994,170.000,0.000
65995,171.000,0.000
65996,172.000,0.000
65997,173.000,0.000
65998,173.000,0.000
65999,172.000,0.000
66000,170.000,0.000
66001,170.000,0.000
66002,170.000,0.000
66003,171.000,0.000
66004,171.000,0.000
66005,172.000,0.000
66006,173.000,0.000
66007,172.000,0.000
66008,171.000,0.000
66009,170.000,0.000
66010,170.000,0.000
66011,170.000,0.000
66012,171.000,0.000
66013,172.000,0.000
66014,173.000,0.000
66015,173.000,0.000
66016,172.000,0.000
66017,171.000,0.000
66018,171.000,0.000
66019,171.000,0.000
66020,171.000,0.000
66021,172.000,0.000
66022,173.000,0.000
66023,173.000,0.000
66024,172.000,0.000
66025,172.000,0.000
66026,171.000,0.000
66027,170.000,0.000
66028,170.000,0.000
66029,171.000,0.000
66030,173.000,0.000
66031,173.000,0.000
66032,173.000,0.000
66033,172.000,0.000
66034,171.000,0.000
66035,171.000,0.000
66036,170.000,0.000
66037,171.000,0.000
66038,172.000,0.000
66039,173.000,0.000
66040,173.000,0.000
66041,173.000,0.000
66042,172.000,0.000
66043,171.000,0.000
66044,170.000,0.000
66045,170.000,0.000
66046,171.000,0.000
66047,172.000,0.000
66048,173.000,0.000
66049,173.000,0.000
66050,172.000,0.000
66051,171.000,0.000
66052,170.000,0.000
66053,171.000,0.000
66054,171.000,0.000
66055,172.000,0.000
66056,173.000,0.000
66057,173.000,0.000
66058,173.000,0.000
66059,172.000,0.000
66060,171.000,0.000
66061,170.000,0.000
66062,171.000,0.000
66063,172.000,0.000
66064,172.000,0.000
66065,173.000,0.000
66066,173.000,0.000
66067,173.000,0.000
66068,171.000,0.000
66069,171.000,0.000
66070,171.000,0.000
66071,171.000,0.000
66072,172.000,0.000
66073,173.000,0.000
66074,174.000,0.000
66075,174.000,0.000
66076,172.000,0.000
66077,171.000,0.000
66078,171.000,0.000
66079,171.000,0.000
66080,171.000,0.000
66081,172.000,0.000
66082,173.000,0.000
66083,173.000,0.000
66084,172.000,0.000
66085,171.000,0.000
66086,171.000,0.000
66087,170.000,0.000
66088,170.000,0.000
66089,172.000,0.000
66090,173.000,0.000
66091,173.000,0.000
66092,173.000,0.000
66093,172.000,0.000
66094,171.000,0.000
66095,171.000,0.000
66096,170.000,0.000
66097,171.000,0.000
66098,172.000,0.000
66099,173.000,0.000
66100,172.000,0.000
66101,172.000,0.000
66102,171.000,0.000
66103,170.000,0.000
66104,170.000,0.000
66105,170.000,0.000
66106,172.000,0.000
66107,173.000,0.000
66108,173.000,0.000
66109,173.000,0.000
66110,172.000,0.000
66111,171.000,0.000
66112,170.000,0.000
66113,170.000,0.000
66114,171.000,0.000
66115,172.000,0.000
66116,172.000,0.000
66117,173.000,0.000
66118,172.000,0.000
66119,171.000,0.000
66120,170.000,0.000
66121,170.000,0.000
66122,171.000,0.000
66123,172.000,0.000
66124,172.000,0.000
66125,173.000,0.000
66126,173.000,0.000
66127,172.000,0.000
66128,171.000,0.000
66129,170.000,0.000
66130,170.000,0.000
66131,171.000,0.000
66132,172.000,0.000
66133,172.000,0.000
66134,173.000,0.000
66135,172.000,0.000
66136,171.000,0.000
66137,170.000,0.000
66138,170.000,0.000
66139,170.000,0.000
66140,171.000,0.000
66141,172.000,0.000
66142,173.000,0.000
66143,173.000,0.000
66144,172.000,0.000
66145,171.000,0.000
66146,171.000,0.000
66147,171.000,0.000
66148,171.000,0.000
66149,172.000,0.000
66150,173.000,0.000
66151,173.000,0.000
66152,172.000,0.000
66153,171.000,0.000
66154,170.000,0.000
66155,170.000,0.000
66156,170.000,0.000
66157,171.000,0.000
66158,172.000,0.000
66159,173.000,0.000
66160,172.000,0.000
66161,172.000,0.000
66162,171.000,0.000
66163,170.000,0.000
66164,170.000,0.000
66165,171.000,0.000
66166,172.000,0.000
66167,173.000,0.000
66168,173.000,0.000
66169,172.000,0.000
66170,172.000,0.000
66171,171.000,0.000
66172,170.000,0.000
66173,170.000,0.000
66174,171.000,0.000
66175,172.000,0.000
66176,173.000,0.000
66177,173.000,0.000
66178,172.000,0.000
66179,171.000,0.000
66180,170.000,0.000
66181,171.000,0.000
66182,171.000,0.000
66183,172.000,0.000
66184,173.000,0.000
66185,173.000,0.000
66186,173.000,0.000
66187,172.000,0.000
66188,171.000,0.000
66189,170.000,0.000
66190,171.000,0.000
66191,172.000,0.000
66192,172.000,0.000
66193,173.000,0.000
66194,173.000,0.000
66195,172.000,0.000
66196,171.000,0.000
66197,171.000,0.000
66198,171.000,0.000
66199,171.000,0.000
66200,172.000,0.000
66201,173.000,0.000
66202,173.000,0.000
66203,173.000,0.000
66204,172.000,0.000
66205,171.000,0.000
66206,171.000,0.000
66207,171.000,0.000
66208,171.000,0.000
66209,172.000,0.000
66210,173.000,0.000
66211,173.000,0.000
66212,172.000,0.000
66213,171.000,0.000
66214,171.000,0.000
66215,171.000,0.000
66216,171.000,0.000
66217,172.000,0.000
66218,173.000,0.000
66219,173.000,0.000
66220,173.000,0.000
66221,172.000,0.000
66222,171.000,0.000
66223,171.000,0.000
66224,170.000,0.000
66225,171.000,0.000
66226,172.000,0.000
66227,173.000,0.000
66228,172.000,0.000
66229,172.000,0.000
66230,171.000,0.000
66231,170.000,0.000
66232,170.000,0.000
66233,170.000,0.000
66234,171.000,0.000
66235,173.000,0.000
66236,173.000,0.000
66237,173.000,0.000
66238,172.000,0.000
66239,171.000,0.000
66240,170.000,0.000
66241,170.000,0.000
66242,171.000,0.000
66243,172.000,0.000
66244,172.000,0.000
66245,172.000,0.000
66246,172.000,0.000
66247,171.000,0.000
66248,169.000,0.000
66249,169.000,0.000
66250,170.000,0.000
66251,171.000,0.000
66252,171.000,0.000
66253,172.000,0.000
66254,172.000,0.000
66255,172.000,0.000
66256,170.000,0.000
66257,170.000,0.000
66258,170.000,0.000
66259,171.000,0.000
66260,172.000,0.000
66261,173.000,0.000
66262,173.000,0.000
66263,172.000,0.000
66264,171.000,0.000
66265,170.000,0.000
66266,170.000,0.000
66267,171.000,0.000
66268,171.000,0.000
66269,172.000,0.000
66270,173.000,0.000
66271,173.000,0.000
66272,172.000,0.000
66273,171.000,0.000
66274,171.000,0.000
66275,171.000,0.000
66276,171.000,0.000
66277,172.000,0.000
66278,173.000,0.000
66279,173.000,0.000
66280,172.000,0.000
66281,172.000,0.000
66282,171.000,0.000
66283,170.000,0.000
66284,170.000,0.000
66285,171.000,0.000
66286,173.000,0.000
66287,173.000,0.000
66288,173.000,0.000
66289,172.000,0.000
66290,172.000,0.000
66291,171.000,0.000
66292,171.000,0.000
66293,171.000,0.000
66294,173.000,0.000
66295,173.000,0.000
66296,173.000,0.000
66297,173.000,0.000
66298,172.000,0.000
66299,171.000,0.000
66300,170.000,0.000
66301,171.000,0.000
66302,172.000,0.000
66303,173.000,0.000
66304,173.000,0.000
66305,173.000,0.000
66306,173.000,0.000
66307,172.000,0.000
66308,170.000,0.000
66309,171.000,0.000
66310,171.000,0.000
66311,172.000,0.000
66312,173.000,0.000
66313,173.000,0.000
66314,173.000,0.000
66315,172.000,0.000
66316,171.000,0.000
66317,170.000,0.000
66318,171.000,0.000
66319,171.000,0.000
66320,172.000,0.000
66321,173.000,0.000
66322,173.000,0.000
66323,172.000,0.000
66324,171.000,0.000
66325,171.000,0.000
66326,171.000,0.000
66327,171.000,0.000
66328,172.000,0.000
66329,173.000,0.000
66330,173.000,0.000
66331,173.000,0.000
66332,172.000,0.000
66333,171.000,0.000
66334,170.000,0.000
66335,170.000,0.000
66336,171.000,0.000
66337,172.000,0.000
66338,172.000,0.000
66339,172.000,0.000
66340,171.000,0.000
66341,171.000,0.000
66342,170.000,0.000
66343,170.000,0.000
66344,170.000,0.000
66345,171.000,0.000
66346,173.000,0.000
66347,173.000,0.000
66348,172.000,0.000
66349,172.000,0.000
66350,171.000,0.000
66351,170.000,0.000
66352,170.000,0.000
66353,171.000,0.000
66354,172.000,0.000
66355,173.000,0.000
66356,172.000,0.000
66357,172.000,0.000
66358,171.000,0.000
66359,170.000,0.000
66360,170.000,0.000
66361,170.000,0.000
66362,171.000,0.000
66363,172.000,0.000
66364,172.000,0.000
66365,173.000,0.000
66366,172.000,0.000
66367,171.000,0.000
66368,170.000,0.000
66369,170.000,0.000
66370,171.000,0.000
66371,172.000,0.000
66372,172.000,0.000
66373,172.000,0.000
66374,172.000,0.000
66375,171.000,0.000
66376,169.000,0.000
66377,169.000,0.000
66378,170.000,0.000
66379,171.000,0.000
66380,171.000,0.000
66381,172.000,0.000
66382,172.000,0.000
66383,172.000,0.000
66384,170.000,0.000
66385,170.000,0.000
66386,170.000,0.000
66387,171.000,0.000
66388,171.000,0.000
66389,172.000,0.000
66390,172.000,0.000
66391,172.000,0.000
66392,170.000,0.000
66393,170.000,0.000
66394,170.000,0.000
66395,170.000,0.000
66396,171.000,0.000
66397,172.000,0.000
66398,173.000,0.000
66399,173.000,0.000
66400,172.000,0.000
66401,171.000,0.000
66402,170.000,0.000
66403,170.000,0.000
66404,170.000,0.000
66405,172.000,0.000
66406,173.000,0.000
66407,173.000,0.000
66408,172.000,0.000
66409,171.000,0.000
66410,171.000,0.000
66411,170.000,0.000
66412,170.000,0.000
66413,171.000,0.000
66414,172.000,0.000
66415,173.000,0.000
66416,172.000,0.000
66417,172.000,0.000
66418,171.000,0.000
66419,170.000,0.000
66420,170.000,0.000
66421,171.000,0.000
66422,172.000,0.000
66423,173.000,0.000
66424,173.000,0.000
66425,172.000,0.000
66426,172.000,0.000
66427,171.000,0.000
66428,170.000,0.000
66429,170.000,0.000
66430,171.000,0.000
66431,172.000,0.000
66432,172.000,0.000
66433,172.000,0.000
66434,172.000,0.000
66435,171.000,0.000
66436,170.000,0.000
66437,170.000,0.000
66438,171.000,0.000
66439,172.000,0.000
66440,172.000,0.000
66441,173.000,0.000
66442,173.000,0.000
66443,172.000,0.000
66444,171.000,0.000
66445,170.000,0.000
66446,171.000,0.000
66447,171.000,0.000
66448,172.000,0.000
66449,173.000,0.000
66450,173.000,0.000
66451,172.000,0.000
66452,171.000,0.000
66453,171.000,0.000
66454,171.000,0.000
66455,171.000,0.000
66456,172.000,0.000
66457,173.000,0.000
66458,174.000,0.000
66459,173.000,0.000
66460,172.000,0.000
66461,171.000,0.000
66462,171.000,0.000
66463,171.000,0.000
66464,171.000,0.000
66465,173.000,0.000
66466,173.000,0.000
66467,173.000,0.000
66468,172.000,0.000
66469,171.000,0.000
66470,171.000,0.000
66471,171.000,0.000
66472,171.000,0.000
66473,172.000,0.000
66474,173.000,0.000
66475,174.000,0.000
66476,173.000,0.000
66477,172.000,0.000
66478,171.000,0.000
66479,171.000,0.000
66480,170.000,0.000
66481,171.000,0.000
66482,172.000,0.000
66483,173.000,0.000
66484,172.000,0.000
66485,172.000,0.000
66486,171.000,0.000
66487,170.000,0.000
66488,170.000,0.000
66489,170.000,0.000
66490,172.000,0.000
66491,173.000,0.000
66492,173.000,0.000
66493,173.000,0.000
66494,172.000,0.000
66495,171.000,0.000
66496,170.000,0.000
66497,171.000,0.000
66498,171.000,0.000
66499,172.000,0.000
66500,172.000,0.000
66501,173.000,0.000
66502,172.000,0.000
66503,171.000,0.000
66504,170.000,0.000
66505,170.000,0.000
66506,170.000,0.000
66507,171.000,0.000
66508,172.000,0.000
66509,173.000,0.000
66510,173.000,0.000
66511,172.000,0.000
66512,170.000,0.000
66513,170.000,0.000
66514,170.000,0.000
66515,171.000,0.000
66516,171.000,0.000
66517,172.000,0.000
66518,172.000,0.000
66519,172.000,0.000
66520,170.000,0.000
66521,170.000,0.000
66522,169.000,0.000
66523,170.000,0.000
66524,170.000,0.000
66525,172.000,0.000
66526,172.000,0.000
66527,172.000,0.000
66528,171.000,0.000
66529,171.000,0.000
66530,170.000,0.000
66531,170.000,0.000
66532,170.000,0.000
66533,172.000,0.000
66534,172.000,0.000
66535,173.000,0.000
66536,172.000,0.000
66537,171.000,0.000
66538,170.000,0.000
66539,170.000,0.000
66540,170.000,0.000
66541,171.000,0.000
66542,172.000,0.000
66543,173.000,0.000
66544,172.000,0.000
66545,172.000,0.000
66546,171.000,0.000
66547,171.000,0.000
66548,170.000,0.000
66549,171.000,0.000
66550,172.000,0.000
66551,173.000,0.000
66552,173.000,0.000
66553,172.000,0.000
66554,172.000,0.000
66555,171.000,0.000
66556,170.000,0.000
66557,170.000,0.000
66558,171.000,0.000
66559,172.000,0.000
66560,172.000,0.000
66561,173.000,0.000
66562,172.000,0.000
66563,171.000,0.000
66564,170.000,0.000
66565,171.000,0.000
66566,171.000,0.000
66567,172.000,0.000
66568,173.000,0.000
66569,173.000,0.000
66570,173.000,0.000
66571,172.000,0.000
66572,171.000,0.000
66573,171.000,0.000
66574,171.000,0.000
66575,172.000,0.000
66576,172.000,0.000
66577,173.000,0.000
66578,173.000,0.000
66579,173.000,0.000
66580,171.000,0.000
66581,171.000,0.000
66582,171.000,0.000
66583,171.000,0.000
66584,172.000,0.000
66585,173.000,0.000
66586,174.000,0.000
66587,173.000,0.000
66588,172.000,0.000
66589,171.000,0.000
66590,171.000,0.000
66591,171.000,0.000
66592,171.000,0.000
66593,173.000,0.000
66594,173.000,0.000
66595,173.000,0.000
66596,172.000,0.000
66597,172.000,0.000
66598,171.000,0.000
66599,171.000,0.000
66600,171.000,0.000
66601,172.000,0.000
66602,173.000,0.000
66603,174.000,0.000
66604,173.000,0.000
66605,172.000,0.000
66606,172.000,0.000
66607,171.000,0.000
66608,171.000,0.000
66609,171.000,0.000
66610,172.000,0.000
66611,173.000,0.000
66612,173.000,0.000
66613,172.000,0.000
66614,171.000,0.000
66615,171.000,0.000
66616,170.000,0.000
66617,171.000,0.000
66618,172.000,0.000
66619,173.000,0.000
66620,173.000,0.000
66621,173.000,0.000
66622,172.000,0.000
66623,171.000,0.000
66624,170.000,0.000
66625,170.000,0.000
66626,171.000,0.000
66627,172.000,0.000
66628,172.000,0.000
66629,173.000,0.000
66630,172.000,0.000
66631,171.000,0.000
66632,170.000,0.000
66633,170.000,0.000
66634,170.000,0.000
66635,171.000,0.000
66636,172.000,0.000
66637,173.000,0.000
66638,173.000,0.000
66639,172.000,0.000
66640,171.000,0.000
66641,170.000,0.000
66642,171.000,0.000
66643,171.000,0.000
66644,172.000,0.000
66645,173.000,0.000
66646,173.000,0.000
66647,172.000,0.000
66648,171.000,0.000
66649,170.000,0.000
66650,170.000,0.000
66651,170.000,0.000
66652,171.000,0.000
66653,172.000,0.000
66654,173.000,0.000
66655,173.000,0.000
66656,172.000,0.000
66657,171.000,0.000
66658,170.000,0.000
66659,170.000,0.000
66660,170.000,0.000
66661,172.000,0.000
66662,173.000,0.000
66663,173.000,0.000
66664,172.000,0.000
66665,171.000,0.000
66666,170.000,0.000
66667,170.000,0.000
66668,170.000,0.000
66669,171.000,0.000
66670,172.000,0.000
66671,173.000,0.000
66672,172.000,0.000
66673,172.000,0.000
66674,171.000,0.000
66675,170.000,0.000
66676,170.000,0.000
66677,171.000,0.000
66678,172.000,0.000
66679,173.000,0.000
66680,173.000,0.000
66681,172.000,0.000
66682,172.000,0.000
66683,171.000,0.000
66684,170.000,0.000
66685,170.000,0.000
66686,171.000,0.000
66687,172.000,0.000
66688,172.000,0.000
66689,172.000,0.000
66690,172.000,0.000
66691,171.000,0.000
66692,170.000,0.000
66693,170.000,0.000
66694,171.000,0.000
66695,172.000,0.000
66696,173.000,0.000
66697,173.000,0.000
66698,173.000,0.000
66699,172.000,0.000
66700,171.000,0.000
66701,171.000,0.000
66702,171.000,0.000
66703,172.000,0.000
66704,172.000,0.000
66705,173.000,0.000
66706,173.000,0.000
66707,173.000,0.000
66708,171.000,0.000
66709,171.000,0.000
66710,171.000,0.000
66711,171.000,0.000
66712,172.000,0.000
66713,173.000,0.000
66714,174.000,0.000
66715,173.000,0.000
66716,172.000,0.000
66717,171.000,0.000
66718,171.000,0.000
66719,171.000,0.000
66720,171.000,0.000
66721,172.000,0.000
66722,173.000,0.000
66723,173.000,0.000
66724,172.000,0.000
66725,171.000,0.000
66726,171.000,0.000
66727,170.000,0.000
66728,170.000,0.000
66729,172.000,0.000
66730,173.000,0.000
66731,173.000,0.000
66732,172.000,0.000
66733,172.000,0.000
66734,171.000,0.000
66735,170.000,0.000
66736,170.000,0.000
66737,171.000,0.000
66738,172.000,0.000
66739,173.000,0.000
66740,172.000,0.000
66741,172.000,0.000
66742,171.000,0.000
66743,170.000,0.000
66744,170.000,0.000
66745,171.000,0.000
66746,172.000,0.000
66747,173.000,0.000
66748,173.000,0.000
66749,173.000,0.000
66750,172.000,0.000
66751,171.000,0.000
66752,170.000,0.000
66753,170.000,0.000
66754,171.000,0.000
66755,172.000,0.000
66756,172.000,0.000
66757,172.000,0.000
66758,172.000,0.000
66759,171.000,0.000
66760,170.000,0.000
66761,170.000,0.000
66762,170.000,0.000
66763,171.000,0.000
66764,172.000,0.000
66765,173.000,0.000
66766,173.000,0.000
66767,172.000,0.000
66768,171.000,0.000
66769,170.000,0.000
66770,170.000,0.000
66771,171.000,0.000
66772,172.000,0.000
66773,172.000,0.000
66774,173.000,0.000
66775,172.000,0.000
66776,171.000,0.000
66777,170.000,0.000
66778,170.000,0.000
66779,170.000,0.000
66780,171.000,0.000
66781,172.000,0.000
66782,173.000,0.000
66783,173.000,0.000
66784,172.000,0.000
66785,171.000,0.000
66786,170.000,0.000
66787,170.000,0.000
66788,170.000,0.000
66789,172.000,0.000
66790,172.000,0.000
66791,173.000,0.000
66792,172.000,0.000
66793,171.000,0.000
66794,170.000,0.000
66795,170.000,0.000
66796,170.000,0.000
66797,171.000,0.000
66798,172.000,0.000
66799,173.000,0.000
66800,172.000,0.000
66801,172.000,0.000
66802,171.000,0.000
66803,170.000,0.000
66804,170.000,0.000
66805,171.000,0.000
66806,172.000,0.000
66807,173.000,0.000
66808,173.000,0.000
66809,172.000,0.000
66810,172.000,0.000
66811,171.000,0.000
66812,170.000,0.000
66813,170.000,0.000
66814,171.000,0.000
66815,172.000,0.000
66816,172.000,0.000
66817,172.000,0.000
66818,172.000,0.000
66819,171.000,0.000
66820,170.000,0.000
66821,170.000,0.000
66822,171.000,0.000
66823,172.000,0.000
66824,172.000,0.000
66825,173.000,0.000
66826,173.000,0.000
66827,172.000,0.000
66828,170.000,0.000
66829,170.000,0.000
66830,171.000,0.000
66831,171.000,0.000
66832,172.000,0.000
66833,173.000,0.000
66834,173.000,0.000
66835,172.000,0.000
66836,171.000,0.000
66837,171.000,0.000
66838,171.000,0.000
66839,171.000,0.000
66840,172.000,0.000
66841,173.000,0.000
66842,174.000,0.000
66843,173.000,0.000
66844,172.000,0.000
66845,171.000,0.000
66846,171.000,0.000
66847,171.000,0.000
66848,171.000,0.000
66849,172.000,0.000
66850,173.000,0.000
66851,173.000,0.000
66852,172.000,0.000
66853,171.000,0.000
66854,170.000,0.000
66855,170.000,0.000
66856,170.000,0.000
66857,172.000,0.000
66858,173.000,0.000
66859,173.000,0.000
66860,173.000,0.000
66861,172.000,0.000
66862,171.000,0.000
66863,171.000,0.000
66864,170.000,0.000
66865,171.000,0.000
66866,172.000,0.000
66867,173.000,0.000
66868,173.000,0.000
66869,172.000,0.000
66870,171.000,0.000
66871,171.000,0.000
66872,170.000,0.000
66873,171.000,0.000
66874,172.000,0.000
66875,173.000,0.000
66876,173.000,0.000
66877,173.000,0.000
66878,172.000,0.000
66879,171.000,0.000
66880,170.000,0.000
66881,171.000,0.000
66882,171.000,0.000
66883,172.000,0.000
66884,172.000,0.000
66885,173.000,0.000
66886,172.000,0.000
66887,171.000,0.000
66888,170.000,0.000
66889,170.000,0.000
66890,170.000,0.000
66891,172.000,0.000
66892,172.000,0.000
66893,173.000,0.000
66894,173.000,0.000
66895,172.000,0.000
66896,171.000,0.000
66897,170.000,0.000
66898,171.000,0.000
66899,171.000,0.000
66900,172.000,0.000
66901,173.000,0.000
66902,173.000,0.000
66903,172.000,0.000
66904,171.000,0.000
66905,170.000,0.000
66906,170.000,0.000
66907,170.000,0.000
66908,171.000,0.000
66909,172.000,0.000
66910,173.000,0.000
66911,173.000,0.000
66912,172.000,0.000
66913,171.000,0.000
66914,171.000,0.000
66915,171.000,0.000
66916,171.000,0.000
66917,172.000,0.000
66918,173.000,0.000
66919,173.000,0.000
66920,172.000,0.000
66921,172.000,0.000
66922,171.000,0.000
66923,171.000,0.000
66924,170.000,0.000
66925,172.000,0.000
66926,173.000,0.000
66927,173.000,0.000
66928,173.000,0.000
66929,172.000,0.000
66930,171.000,0.000
66931,171.000,0.000
66932,170.000,0.000
66933,171.000,0.000
66934,172.000,0.000
66935,173.000,0.000
66936,173.000,0.000
66937,172.000,0.000
66938,171.000,0.000
66939,171.000,0.000
66940,170.000,0.000
66941,170.000,0.000
66942,171.000,0.000
66943,172.000,0.000
66944,172.000,0.000
66945,172.000,0.000
66946,172.000,0.000
66947,171.000,0.000
66948,170.000,0.000
66949,170.000,0.000
66950,171.000,0.000
66951,172.000,0.000
66952,172.000,0.000
66953,173.000,0.000
66954,173.000,0.000
66955,172.000,0.000
66956,171.000,0.000
66957,170.000,0.000
66958,171.000,0.000
66959,171.000,0.000
66960,172.000,0.000
66961,173.000,0.000
66962,173.000,0.000
66963,172.000,0.000
66964,171.000,0.000
66965,170.000,0.000
66966,171.000,0.000
66967,171.000,0.000
66968,172.000,0.000
66969,173.000,0.000
66970,173.000,0.000
66971,173.000,0.000
66972,172.000,0.000
66973,171.000,0.000
66974,171.000,0.000
66975,171.000,0.000
66976,171.000,0.000
66977,172.000,0.000
66978,173.000,0.000
66979,173.000,0.000
66980,172.000,0.000
66981,171.000,0.000
66982,171.000,0.000
66983,171.000,0.000
66984,171.000,0.000
66985,172.000,0.000
66986,173.000,0.000
66987,174.000,0.000
66988,173.000,0.000
66989,172.000,0.000
66990,172.000,0.000
66991,171.000,0.000
66992,171.000,0.000
66993,171.000,0.000
66994,173.000,0.000
66995,173.000,0.000
66996,173.000,0.000
66997,172.000,0.000
66998,171.000,0.000
66999,171.000,0.000
67000,170.000,0.000
67001,171.000,0.000
67002,172.000,0.000
67003,173.000,0.000
67004,173.000,0.000
67005,173.000,0.000
67006,172.000,0.000
67007,171.000,0.000
67008,170.000,0.000
67009,170.000,0.000
67010,171.000,0.000
67011,172.000,0.000
67012,172.000,0.000
67013,172.000,0.000
67014,172.000,0.000
67015,171.000,0.000
67016,170.000,0.000
67017,170.000,0.000
67018,170.000,0.000
67019,171.000,0.000
67020,172.000,0.000
67021,173.000,0.000
67022,173.000,0.000
67023,172.000,0.000
67024,171.000,0.000
67025,170.000,0.000
67026,170.000,0.000
67027,171.000,0.000
67028,172.000,0.000
67029,172.000,0.000
67030,173.000,0.000
67031,172.000,0.000
67032,171.000,0.000
67033,170.000,0.000
67034,170.000,0.000
67035,170.000,0.000
67036,171.000,0.000
67037,172.000,0.000
67038,173.000,0.000
67039,173.000,0.000
67040,172.000,0.000
67041,171.000,0.000
67042,171.000,0.000
67043,171.000,0.000
67044,171.000,0.000
67045,172.000,0.000
67046,173.000,0.000
67047,173.000,0.000
67048,172.000,0.000
67049,171.000,0.000
67050,171.000,0.000
67051,170.000,0.000
67052,170.000,0.000
67053,171.000,0.000
67054,172.000,0.000
67055,173.000,0.000
67056,172.000,0.000
67057,172.000,0.000
67058,171.000,0.000
67059,170.000,0.000
67060,170.000,0.000
67061,171.000,0.000
67062,172.000,0.000
67063,173.000,0.000
67064,173.000,0.000
67065,172.000,0.000
67066,172.000,0.000
67067,171.000,0.000
67068,170.000,0.000
67069,170.000,0.000
67070,171.000,0.000
67071,172.000,0.000
67072,173.000,0.000
67073,173.000,0.000
67074,172.000,0.000
67075,171.000,0.000
67076,170.000,0.000
67077,171.000,0.000
67078,171.000,0.000
67079,172.000,0.000
67080,173.000,0.000
67081,173.000,0.000
67082,173.000,0.000
67083,172.000,0.000
67084,171.000,0.000
67085,170.000,0.000
67086,171.000,0.000
67087,172.000,0.000
67088,172.000,0.000
67089,173.000,0.000
67090,173.000,0.000
67091,173.000,0.000
67092,171.000,0.000
67093,171.000,0.000
67094,171.000,0.000
67095,171.000,0.000
67096,172.000,0.000
67097,173.000,0.000
67098,173.000,0.000
67099,173.000,0.000
67100,172.000,0.000
67101,171.000,0.000
67102,170.000,0.000
67103,171.000,0.000
67104,171.000,0.000
67105,172.000,0.000
67106,173.000,0.000
67107,173.000,0.000
67108,172.000,0.000
67109,171.000,0.000
67110,171.000,0.000
67111,170.000,0.000
67112,171.000,0.000
67113,172.000,0.000
67114,173.000,0.000
67115,173.000,0.000
67116,173.000,0.000
67117,172.000,0.000
67118,171.000,0.000
67119,171.000,0.000
67120,170.000,0.000
67121,171.000,0.000
67122,172.000,0.000
67123,173.000,0.000
67124,172.000,0.000
67125,172.000,0.000
67126,171.000,0.000
67127,170.000,0.000
67128,170.000,0.000
67129,170.000,0.000
67130,172.000,0.000
67131,173.000,0.000
67132,173.000,0.000
67133,173.000,0.000
67134,172.000,0.000
67135,171.000,0.000
67136,170.000,0.000
67137,170.000,0.000
67138,171.000,0.000
67139,172.000,0.000
67140,172.000,0.000
67141,172.000,0.000
67142,172.000,0.000
67143,171.000,0.000
67144,170.000,0.000
67145,170.000,0.000
67146,170.000,0.000
67147,171.000,0.000
67148,172.000,0.000
67149,173.000,0.000
67150,173.000,0.000
67151,172.000,0.000
67152,171.000,0.000
67153,170.000,0.000
67154,171.000,0.000
67155,171.000,0.000
67156,172.000,0.000
67157,173.000,0.000
67158,173.000,0.000
67159,172.000,0.000
67160,171.000,0.000
67161,170.000,0.000
67162,170.000,0.000
67163,170.000,0.000
67164,171.000,0.000
67165,172.000,0.000
67166,173.000,0.000
67167,173.000,0.000
67168,172.000,0.000
67169,171.000,0.000
67170,170.000,0.000
67171,170.000,0.000
67172,171.000,0.000
67173,172.000,0.000
67174,173.000,0.000
67175,173.000,0.000
67176,172.000,0.000
67177,171.000,0.000
67178,170.000,0.000
67179,170.000,0.000
67180,170.000,0.000
67181,171.000,0.000
67182,172.000,0.000
67183,173.000,0.000
67184,172.000,0.000
67185,172.000,0.000
67186,171.000,0.000
67187,170.000,0.000
67188,170.000,0.000
67189,171.000,0.000
67190,172.000,0.000
67191,173.000,0.000
67192,172.000,0.000
67193,172.000,0.000
67194,171.000,0.000
67195,170.000,0.000
67196,170.000,0.000
67197,170.000,0.000
67198,171.000,0.000
67199,172.000,0.000
67200,172.000,0.000
67201,172.000,0.000
67202,172.000,0.000
67203,171.000,0.000
67204,170.000,0.000
67205,170.000,0.000
67206,171.000,0.000
67207,172.000,0.000
67208,172.000,0.000
67209,173.000,0.000
67210,173.000,0.000
67211,172.000,0.000
67212,171.000,0.000
67213,170.000,0.000
67214,171.000,0.000
67215,171.000,0.000
67216,172.000,0.000
67217,173.000,0.000
67218,173.000,0.000
67219,172.000,0.000
67220,171.000,0.000
67221,171.000,0.000
67222,171.000,0.000
67223,171.000,0.000
67224,172.000,0.000
67225,173.000,0.000
67226,173.000,0.000
67227,173.000,0.000
67228,172.000,0.000
67229,171.000,0.000
67230,170.000,0.000
67231,171.000,0.000
67232,171.000,0.000
67233,172.000,0.000
67234,173.000,0.000
67235,173.000,0.000
67236,172.000,0.000
67237,171.000,0.000
67238,170.000,0.000
67239,170.000,0.000
67240,170.000,0.000
67241,172.000,0.000
67242,173.000,0.000
67243,173.000,0.000
67244,173.000,0.000
67245,172.000,0.000
67246,171.000,0.000
67247,171.000,0.000
67248,170.000,0.000
67249,171.000,0.000
67250,172.000,0.000
67251,173.000,0.000
67252,172.000,0.000
67253,172.000,0.000
67254,171.000,0.000
67255,170.000,0.000
67256,170.000,0.000
67257,170.000,0.000
67258,172.000,0.000
67259,173.000,0.000
67260,173.000,0.000
67261,173.000,0.000
67262,172.000,0.000
67263,171.000,0.000
67264,170.000,0.000
67265,170.000,0.000
67266,171.000,0.000
67267,172.000,0.000
67268,172.000,0.000
67269,172.000,0.000
67270,172.000,0.000
67271,171.000,0.000
67272,170.000,0.000
67273,170.000,0.000
67274,170.000,0.000
67275,171.000,0.000
67276,172.000,0.000
67277,173.000,0.000
67278,173.000,0.000
67279,172.000,0.000
67280,171.000,0.000
67281,170.000,0.000
67282,170.000,0.000
67283,171.000,0.000
67284,172.000,0.000
67285,172.000,0.000
67286,173.000,0.000
67287,172.000,0.000
67288,171.000,0.000
67289,170.000,0.000
67290,170.000,0.000
67291,170.000,0.000
67292,171.000,0.000
67293,172.000,0.000
67294,173.000,0.000
67295,172.000,0.000
67296,171.000,0.000
67297,171.000,0.000
67298,170.000,0.000
67299,170.000,0.000
67300,170.000,0.000
67301,172.000,0.000
67302,172.000,0.000
67303,173.000,0.000
67304,172.000,0.000
67305,171.000,0.000
67306,170.000,0.000
67307,170.000,0.000
67308,170.000,0.000
67309,171.000,0.000
67310,172.000,0.000
67311,173.000,0.000
67312,172.000,0.000
67313,172.000,0.000
67314,171.000,0.000
67315,170.000,0.000
67316,170.000,0.000
67317,171.000,0.000
67318,172.000,0.000
67319,173.000,0.000
67320,173.000,0.000
67321,173.000,0.000
67322,172.000,0.000
67323,171.000,0.000
67324,170.000,0.000
67325,170.000,0.000
67326,171.000,0.000
67327,172.000,0.000
67328,172.000,0.000
67329,172.000,0.000
67330,172.000,0.000
67331,171.000,0.000
67332,170.000,0.000
67333,170.000,0.000
67334,171.000,0.000
67335,172.000,0.000
67336,172.000,0.000
67337,173.000,0.000
67338,173.000,0.000
67339,172.000,0.000
67340,170.000,0.000
67341,170.000,0.000
67342,170.000,0.000
67343,171.000,0.000
67344,172.000,0.000
67345,173.000,0.000
67346,173.000,0.000
67347,172.000,0.000
67348,171.000,0.000
67349,171.000,0.000
67350,171.000,0.000
67351,171.000,0.000
67352,172.000,0.000
67353,173.000,0.000
67354,173.000,0.000
67355,173.000,0.000
67356,172.000,0.000
67357,171.000,0.000
67358,171.000,0.000
67359,171.000,0.000
67360,171.000,0.000
67361,172.000,0.000
67362,173.000,0.000
67363,173.000,0.000
67364,172.000,0.000
67365,171.000,0.000
67366,171.000,0.000
67367,171.000,0.000
67368,171.000,0.000
67369,172.000,0.000
67370,173.000,0.000
67371,174.000,0.000
67372,173.000,0.000
67373,172.000,0.000
67374,171.000,0.000
67375,171.000,0.000
67376,170.000,0.000
67377,171.000,0.000
67378,172.000,0.000
67379,173.000,0.000
67380,172.000,0.000
67381,172.000,0.000
67382,171.000,0.000
67383,170.000,0.000
67384,170.000,0.000
67385,170.000,0.000
67386,172.000,0.000
67387,173.000,0.000
67388,173.000,0.000
67389,173.000,0.000
67390,172.000,0.000
67391,171.000,0.000
67392,170.000,0.000
67393,170.000,0.000
67394,171.000,0.000
67395,172.000,0.000
67396,172.000,0.000
67397,172.000,0.000
67398,172.000,0.000
67399,171.000,0.000
67400,170.000,0.000
67401,170.000,0.000
67402,170.000,0.000
67403,171.000,0.000
67404,172.000,0.000
67405,173.000,0.000
67406,173.000,0.000
67407,172.000,0.000
67408,170.000,0.000
67409,170.000,0.000
67410,170.000,0.000
67411,171.000,0.000
67412,171.000,0.000
67413,172.000,0.000
67414,173.000,0.000
67415,172.000,0.000
67416,171.000,0.000
67417,170.000,0.000
67418,170.000,0.000
67419,170.000,0.000
67420,171.000,0.000
67421,172.000,0.000
67422,173.000,0.000
67423,173.000,0.000
67424,172.000,0.000
67425,171.000,0.000
67426,171.000,0.000
67427,171.000,0.000
67428,171.000,0.000
67429,172.000,0.000
67430,173.000,0.000
67431,173.000,0.000
67432,172.000,0.000
67433,171.000,0.000
67434,170.000,0.000
67435,170.000,0.000
67436,170.000,0.000
67437,171.000,0.000
67438,172.000,0.000
67439,173.000,0.000
67440,172.000,0.000
67441,172.000,0.000
67442,171.000,0.000
67443,170.000,0.000
67444,170.000,0.000
67445,171.000,0.000
67446,172.000,0.000
67447,173.000,0.000
67448,172.000,0.000
67449,172.000,0.000
67450,171.000,0.000
67451,171.000,0.000
67452,170.000,0.000
67453,170.000,0.000
67454,171.000,0.000
67455,172.000,0.000
67456,172.000,0.000
67457,173.000,0.000
67458,172.000,0.000
67459,171.000,0.000
67460,170.000,0.000
67461,170.000,0.000
67462,171.000,0.000
67463,172.000,0.000
67464,173.000,0.000
67465,173.000,0.000
67466,173.000,0.000
67467,172.000,0.000
67468,171.000,0.000
67469,170.000,0.000
67470,171.000,0.000
67471,171.000,0.000
67472,172.000,0.000
67473,173.000,0.000
67474,173.000,0.000
67475,173.000,0.000
67476,171.000,0.000
67477,171.000,0.000
67478,171.000,0.000
67479,171.000,0.000
67480,172.000,0.000
67481,173.000,0.000
67482,174.000,0.000
67483,173.000,0.000
67484,172.000,0.000
67485,171.000,0.000
67486,171.000,0.000
67487,171.000,0.000
67488,171.000,0.000
67489,172.000,0.000
67490,173.000,0.000
67491,173.000,0.000
67492,172.000,0.000
67493,171.000,0.000
67494,171.000,0.000
67495,171.000,0.000
67496,171.000,0.000
67497,172.000,0.000
67498,173.000,0.000
67499,174.000,0.000
67500,173.000,0.000
67501,172.000,0.000
67502,171.000,0.000
67503,171.000,0.000
67504,170.000,0.000
67505,171.000,0.000
67506,172.000,0.000
67507,173.000,0.000
67508,173.000,0.000
67509,172.000,0.000
67510,171.000,0.000
67511,171.000,0.000
67512,170.000,0.000
67513,171.000,0.000
67514,172.000,0.000
67515,173.000,0.000
67516,173.000,0.000
67517,173.000,0.000
67518,172.000,0.000
67519,171.000,0.000
67520,170.000,0.000
67521,170.000,0.000
67522,171.000,0.000
67523,172.000,0.000
67524,172.000,0.000
67525,173.000,0.000
67526,172.000,0.000
67527,171.000,0.000
67528,170.000,0.000
67529,170.000,0.000
67530,171.000,0.000
67531,172.000,0.000
67532,172.000,0.000
67533,173.000,0.000
67534,173.000,0.000
67535,172.000,0.000
67536,171.000,0.000
67537,170.000,0.000
67538,171.000,0.000
67539,171.000,0.000
67540,172.000,0.000
67541,172.000,0.000
67542,173.000,0.000
67543,172.000,0.000
67544,171.000,0.000
67545,170.000,0.000
67546,170.000,0.000
67547,170.000,0.000
67548,171.000,0.000
67549,172.000,0.000
67550,173.000,0.000
67551,173.000,0.000
67552,171.000,0.000
67553,171.000,0.000
67554,170.000,0.000
67555,170.000,0.000
67556,170.000,0.000
67557,172.000,0.000
67558,173.000,0.000
67559,173.000,0.000
67560,172.000,0.000
67561,171.000,0.000
67562,170.000,0.000
67563,170.000,0.000
67564,170.000,0.000
67565,171.000,0.000
67566,172.000,0.000
67567,173.000,0.000
67568,172.000,0.000
67569,172.000,0.000
67570,171.000,0.000
67571,171.000,0.000
67572,170.000,0.000
67573,171.000,0.000
67574,172.000,0.000
67575,173.000,0.000
67576,173.000,0.000
67577,173.000,0.000
67578,172.000,0.000
67579,171.000,0.000
67580,170.000,0.000
67581,170.000,0.000
67582,171.000,0.000
67583,173.000,0.000
67584,173.000,0.000
67585,173.000,0.000
67586,173.000,0.000
67587,171.000,0.000
67588,170.000,0.000
67589,171.000,0.000
67590,171.000,0.000
67591,172.000,0.000
67592,173.000,0.000
67593,173.000,0.000
67594,173.000,0.000
67595,172.000,0.000
67596,171.000,0.000
67597,171.000,0.000
67598,171.000,0.000
67599,172.000,0.000
67600,172.000,0.000
67601,173.000,0.000
67602,173.000,0.000
67603,173.000,0.000
67604,171.000,0.000
67605,171.000,0.000
67606,171.000,0.000
67607,171.000,0.000
67608,172.000,0.000
67609,173.000,0.000
67610,173.000,0.000
67611,173.000,0.000
67612,172.000,0.000
67613,171.000,0.000
67614,170.000,0.000
67615,170.000,0.000
67616,170.000,0.000
67617,172.000,0.000
67618,172.000,0.000
67619,172.000,0.000
67620,171.000,0.000
67621,171.000,0.000
67622,170.000,0.000
67623,170.000,0.000
67624,170.000,0.000
67625,171.000,0.000
67626,173.000,0.000
67627,173.000,0.000
67628,172.000,0.000
67629,172.000,0.000
67630,171.000,0.000
67631,170.000,0.000
67632,170.000,0.000
67633,171.000,0.000
67634,172.000,0.000
67635,173.000,0.000
67636,172.000,0.000
67637,172.000,0.000
67638,171.000,0.000
67639,170.000,0.000
67640,169.000,0.000
67641,170.000,0.000
67642,171.000,0.000
67643,172.000,0.000
67644,173.000,0.000
67645,173.000,0.000
67646,172.000,0.000
67647,171.000,0.000
67648,170.000,0.000
67649,170.000,0.000
67650,171.000,0.000
67651,172.000,0.000
67652,172.000,0.000
67653,172.000,0.000
67654,172.000,0.000
67655,171.000,0.000
67656,170.000,0.000
67657,170.000,0.000
67658,170.000,0.000
67659,171.000,0.000
67660,172.000,0.000
67661,173.000,0.000
67662,173.000,0.000
67663,172.000,0.000
67664,171.000,0.000
67665,170.000,0.000
67666,171.000,0.000
67667,171.000,0.000
67668,172.000,0.000
67669,173.000,0.000
67670,173.000,0.000
67671,172.000,0.000
67672,171.000,0.000
67673,170.000,0.000
67674,170.000,0.000
67675,170.000,0.000
67676,171.000,0.000
67677,172.000,0.000
67678,173.000,0.000
67679,173.000,0.000
67680,172.000,0.000
67681,171.000,0.000
67682,170.000,0.000
67683,171.000,0.000
67684,171.000,0.000
67685,172.000,0.000
67686,173.000,0.000
67687,173.000,0.000
67688,172.000,0.000
67689,171.000,0.000
67690,170.000,0.000
67691,170.000,0.000
67692,170.000,0.000
67693,171.000,0.000
67694,172.000,0.000
67695,173.000,0.000
67696,172.000,0.000
67697,172.000,0.000
67698,171.000,0.000
67699,170.000,0.000
67700,170.000,0.000
67701,170.000,0.000
67702,171.000,0.000
67703,172.000,0.000
67704,172.000,0.000
67705,172.000,0.000
67706,171.000,0.000
67707,170.000,0.000
67708,169.000,0.000
67709,170.000,0.000
67710,171.000,0.000
67711,172.000,0.000
67712,172.000,0.000
67713,172.000,0.000
67714,172.000,0.000
67715,171.000,0.000
67716,170.000,0.000
67717,170.000,0.000
67718,170.000,0.000
67719,172.000,0.000
67720,172.000,0.000
67721,173.000,0.000
67722,172.000,0.000
67723,171.000,0.000
67724,170.000,0.000
67725,170.000,0.000
67726,170.000,0.000
67727,171.000,0.000
67728,171.000,0.000
67729,172.000,0.000
67730,173.000,0.000
67731,172.000,0.000
67732,171.000,0.000
67733,170.000,0.000
67734,170.000,0.000
67735,171.000,0.000
67736,172.000,0.000
67737,173.000,0.000
67738,174.000,0.000
67739,173.000,0.000
67740,172.000,0.000
67741,171.000,0.000
67742,171.000,0.000
67743,171.000,0.000
67744,171.000,0.000
67745,172.000,0.000
67746,173.000,0.000
67747,173.000,0.000
67748,172.000,0.000
67749,171.000,0.000
67750,171.000,0.000
67751,171.000,0.000
67752,171.000,0.000
67753,172.000,0.000
67754,173.000,0.000
67755,173.000,0.000
67756,173.000,0.000
67757,172.000,0.000
67758,171.000,0.000
67759,171.000,0.000
67760,170.000,0.000
67761,171.000,0.000
67762,172.000,0.000
67763,173.000,0.000
67764,172.000,0.000
67765,172.000,0.000
67766,171.000,0.000
67767,170.000,0.000
67768,170.000,0.000
67769,170.000,0.000
67770,172.000,0.000
67771,173.000,0.000
67772,173.000,0.000
67773,173.000,0.000
67774,172.000,0.000
67775,171.000,0.000
67776,170.000,0.000
67777,171.000,0.000
67778,171.000,0.000
67779,173.000,0.000
67780,173.000,0.000
67781,173.000,0.000
67782,173.000,0.000
67783,171.000,0.000
67784,170.000,0.000
67785,170.000,0.000
67786,171.000,0.000
67787,172.000,0.000
67788,172.000,0.000
67789,173.000,0.000
67790,173.000,0.000
67791,172.000,0.000
67792,171.000,0.000
67793,170.000,0.000
67794,170.000,0.000
67795,171.000,0.000
67796,172.000,0.000
67797,172.000,0.000
67798,173.000,0.000
67799,172.000,0.000
67800,171.000,0.000
67801,170.000,0.000
67802,170.000,0.000
67803,170.000,0.000
67804,171.000,0.000
67805,172.000,0.000
67806,173.000,0.000
67807,173.000,0.000
67808,172.000,0.000
67809,171.000,0.000
67810,170.000,0.000
67811,170.000,0.000
67812,170.000,0.000
67813,172.000,0.000
67814,172.000,0.000
67815,173.000,0.000
67816,172.000,0.000
67817,171.000,0.000
67818,170.000,0.000
67819,170.000,0.000
67820,170.000,0.000
67821,171.000,0.000
67822,172.000,0.000
67823,173.000,0.000
67824,172.000,0.000
67825,172.000,0.000
67826,171.000,0.000
67827,170.000,0.000
67828,170.000,0.000
67829,171.000,0.000
67830,172.000,0.000
67831,173.000,0.000
67832,172.000,0.000
67833,172.000,0.000
67834,171.000,0.000
67835,171.000,0.000
67836,170.000,0.000
67837,170.000,0.000
67838,171.000,0.000
67839,172.000,0.000
67840,173.000,0.000
67841,173.000,0.000
67842,172.000,0.000
67843,171.000,0.000
67844,170.000,0.000
67845,171.000,0.000
67846,171.000,0.000
67847,172.000,0.000
67848,173.000,0.000
67849,173.000,0.000
67850,173.000,0.000
67851,172.000,0.000
67852,171.000,0.000
67853,171.000,0.000
67854,171.000,0.000
67855,172.000,0.000
67856,172.000,0.000
67857,173.000,0.000
67858,173.000,0.000
67859,173.000,0.000
67860,171.000,0.000
67861,171.000,0.000
67862,171.000,0.000
67863,171.000,0.000
67864,172.000,0.000
67865,173.000,0.000
67866,174.000,0.000
67867,174.000,0.000
67868,172.000,0.000
67869,171.000,0.000
67870,171.000,0.000
67871,171.000,0.000
67872,171.000,0.000
67873,173.000,0.000
67874,173.000,0.000
67875,173.000,0.000
67876,172.000,0.000
67877,171.000,0.000
67878,171.000,0.000
67879,171.000,0.000
67880,171.000,0.000
67881,172.000,0.000
67882,173.000,0.000
67883,174.000,0.000
67884,173.000,0.000
67885,172.000,0.000
67886,171.000,0.000
67887,171.000,0.000
67888,171.000,0.000
67889,171.000,0.000
67890,173.000,0.000
67891,173.000,0.000
67892,173.000,0.000
67893,172.000,0.000
67894,171.000,0.000
67895,171.000,0.000
67896,170.000,0.000
67897,171.000,0.000
67898,172.000,0.000
67899,173.000,0.000
67900,173.000,0.000
67901,173.000,0.000
67902,172.000,0.000
67903,171.000,0.000
67904,170.000,0.000
67905,170.000,0.000
67906,171.000,0.000
67907,172.000,0.000
67908,172.000,0.000
67909,172.000,0.000
67910,172.000,0.000
67911,171.000,0.000
67912,170.000,0.000
67913,169.000,0.000
67914,170.000,0.000
67915,171.000,0.000
67916,172.000,0.000
67917,173.000,0.000
67918,173.000,0.000
67919,172.000,0.000
67920,170.000,0.000
67921,170.000,0.000
67922,170.000,0.000
67923,171.000,0.000
67924,172.000,0.000
67925,172.000,0.000
67926,173.000,0.000
67927,172.000,0.000
67928,171.000,0.000
67929,170.000,0.000
67930,170.000,0.000
67931,170.000,0.000
67932,171.000,0.000
67933,172.000,0.000
67934,173.000,0.000
67935,173.000,0.000
67936,172.000,0.000
67937,171.000,0.000
67938,171.000,0.000
67939,171.000,0.000
67940,171.000,0.000
67941,172.000,0.000
67942,173.000,0.000
67943,173.000,0.000
67944,172.000,0.000
67945,171.000,0.000
67946,170.000,0.000
67947,170.000,0.000
67948,170.000,0.000
67949,171.000,0.000
67950,172.000,0.000
67951,173.000,0.000
67952,172.000,0.000
67953,172.000,0.000
67954,171.000,0.000
67955,170.000,0.000
67956,170.000,0.000
67957,171.000,0.000
67958,172.000,0.000
67959,173.000,0.000
67960,172.000,0.000
67961,172.000,0.000
67962,171.000,0.000
67963,171.000,0.000
67964,170.000,0.000
67965,170.000,0.000
67966,171.000,0.000
67967,172.000,0.000
67968,172.000,0.000
67969,172.000,0.000
67970,172.000,0.000
67971,171.000,0.000
67972,170.000,0.000
67973,170.000,0.000
67974,171.000,0.000
67975,172.000,0.000
67976,172.000,0.000
67977,173.000,0.000
67978,173.000,0.000
67979,172.000,0.000
67980,170.000,0.000
67981,170.000,0.000
67982,171.000,0.000
67983,171.000,0.000
67984,172.000,0.000
67985,173.000,0.000
67986,173.000,0.000
67987,172.000,0.000
67988,171.000,0.000
67989,170.000,0.000
67990,171.000,0.000
67991,171.000,0.000
67992,172.000,0.000
67993,173.000,0.000
67994,173.000,0.000
67995,173.000,0.000
67996,172.000,0.000
67997,171.000,0.000
67998,171.000,0.000
67999,171.000,0.000
68000,171.000,0.000
68001,172.000,0.000
68002,173.000,0.000
68003,173.000,0.000
68004,172.000,0.000
68005,171.000,0.000
68006,171.000,0.000
68007,171.000,0.000
68008,171.000,0.000
68009,172.000,0.000
68010,173.000,0.000
68011,174.000,0.000
68012,173.000,0.000
68013,173.000,0.000
68014,172.000,0.000
68015,171.000,0.000
68016,171.000,0.000
68017,171.000,0.000
68018,173.000,0.000
68019,173.000,0.000
68020,173.000,0.000
68021,172.000,0.000
68022,171.000,0.000
68023,171.000,0.000
68024,170.000,0.000
68025,171.000,0.000
68026,172.000,0.000
68027,173.000,0.000
68028,173.000,0.000
68029,173.000,0.000
68030,172.000,0.000
68031,171.000,0.000
68032,170.000,0.000
68033,170.000,0.000
68034,171.000,0.000
68035,172.000,0.000
68036,172.000,0.000
68037,173.000,0.000
68038,172.000,0.000
68039,171.000,0.000
68040,170.000,0.000
68041,170.000,0.000
68042,170.000,0.000
68043,171.000,0.000
68044,172.000,0.000
68045,173.000,0.000
68046,173.000,0.000
68047,172.000,0.000
68048,171.000,0.000
68049,170.000,0.000
68050,171.000,0.000
68051,171.000,0.000
68052,172.000,0.000
68053,172.000,0.000
68054,173.000,0.000
68055,172.000,0.000
68056,171.000,0.000
68057,170.000,0.000
68058,170.000,0.000
68059,170.000,0.000
68060,171.000,0.000
68061,172.000,0.000
68062,173.000,0.000
68063,173.000,0.000
68064,171.000,0.000
68065,171.000,0.000
68066,170.000,0.000
68067,170.000,0.000
68068,170.000,0.000
68069,172.000,0.000
68070,172.000,0.000
68071,173.000,0.000
68072,172.000,0.000
68073,171.000,0.000
68074,170.000,0.000
68075,170.000,0.000
68076,170.000,0.000
68077,171.000,0.000
68078,172.000,0.000
68079,173.000,0.000
68080,172.000,0.000
68081,172.000,0.000
68082,171.000,0.000
68083,170.000,0.000
68084,170.000,0.000
68085,171.000,0.000
68086,172.000,0.000
68087,173.000,0.000
68088,173.000,0.000
68089,173.000,0.000
68090,172.000,0.000
68091,171.000,0.000
68092,170.000,0.000
68093,170.000,0.000
68094,171.000,0.000
68095,173.000,0.000
68096,173.000,0.000
68097,173.000,0.000
68098,173.000,0.000
68099,171.000,0.000
68100,170.000,0.000
68101,171.000,0.000
68102,171.000,0.000
68103,172.000,0.000
68104,173.000,0.000
68105,173.000,0.000
68106,173.000,0.000
68107,172.000,0.000
68108,171.000,0.000
68109,170.000,0.000
68110,171.000,0.000
68111,172.000,0.000
68112,172.000,0.000
68113,173.000,0.000
68114,173.000,0.000
68115,173.000,0.000
68116,171.000,0.000
68117,171.000,0.000
68118,171.000,0.000
68119,171.000,0.000
68120,172.000,0.000
68121,173.000,0.000
68122,174.000,0.000
68123,173.000,0.000
68124,172.000,0.000
68125,171.000,0.000
68126,171.000,0.000
68127,171.000,0.000
68128,171.000,0.000
68129,172.000,0.000
68130,173.000,0.000
68131,173.000,0.000
68132,172.000,0.000
68133,171.000,0.000
68134,171.000,0.000
68135,171.000,0.000
68136,171.000,0.000
68137,172.000,0.000
68138,173.000,0.000
68139,174.000,0.000
68140,173.000,0.000
68141,172.000,0.000
68142,171.000,0.000
68143,171.000,0.000
68144,170.000,0.000
68145,171.000,0.000
68146,172.000,0.000
68147,173.000,0.000
68148,172.000,0.000
68149,172.000,0.000
68150,171.000,0.000
68151,170.000,0.000
68152,170.000,0.000
68153,170.000,0.000
68154,172.000,0.000
68155,173.000,0.000
68156,173.000,0.000
68157,173.000,0.000
68158,172.000,0.000
68159,171.000,0.000
68160,170.000,0.000
68161,170.000,0.000
68162,171.000,0.000
68163,172.000,0.000
68164,172.000,0.000
68165,172.000,0.000
68166,172.000,0.000
68167,171.000,0.000
68168,170.000,0.000
68169,170.000,0.000
68170,170.000,0.000
68171,171.000,0.000
68172,172.000,0.000
68173,173.000,0.000
68174,173.000,0.000
68175,172.000,0.000
68176,170.000,0.000
68177,170.000,0.000
68178,170.000,0.000
68179,171.000,0.000
68180,171.000,0.000
68181,172.000,0.000
68182,173.000,0.000
68183,172.000,0.000
68184,171.000,0.000
68185,170.000,0.000
68186,170.000,0.000
68187,170.000,0.000
68188,171.000,0.000
68189,172.000,0.000
68190,173.000,0.000
68191,173.000,0.000
68192,172.000,0.000
68193,171.000,0.000
68194,170.000,0.000
68195,170.000,0.000
68196,170.000,0.000
68197,172.000,0.000
68198,173.000,0.000
68199,173.000,0.000
68200,172.000,0.000
68201,171.000,0.000
68202,170.000,0.000
68203,170.000,0.000
68204,170.000,0.000
68205,171.000,0.000
68206,172.000,0.000
68207,173.000,0.000
68208,172.000,0.000
68209,172.000,0.000
68210,171.000,0.000
68211,171.000,0.000
68212,170.000,0.000
68213,171.000,0.000
68214,172.000,0.000
68215,173.000,0.000
68216,173.000,0.000
68217,173.000,0.000
68218,172.000,0.000
68219,171.000,0.000
68220,170.000,0.000
68221,170.000,0.000
68222,171.000,0.000
68223,173.000,0.000
68224,173.000,0.000
68225,173.000,0.000
68226,173.000,0.000
68227,171.000,0.000
68228,171.000,0.000
68229,171.000,0.000
68230,171.000,0.000
68231,173.000,0.000
68232,173.000,0.000
68233,174.000,0.000
68234,173.000,0.000
68235,173.000,0.000
68236,171.000,0.000
68237,171.000,0.000
68238,171.000,0.000
68239,172.000,0.000
68240,173.000,0.000
68241,173.000,0.000
68242,173.000,0.000
68243,173.000,0.000
68244,171.000,0.000
68245,171.000,0.000
68246,171.000,0.000
68247,172.000,0.000
68248,172.000,0.000
68249,173.000,0.000
68250,174.000,0.000
68251,174.000,0.000
68252,172.000,0.000
68253,171.000,0.000
68254,171.000,0.000
68255,171.000,0.000
68256,171.000,0.000
68257,172.000,0.000
68258,173.000,0.000
68259,173.000,0.000
68260,172.000,0.000
68261,171.000,0.000
68262,171.000,0.000
68263,170.000,0.000
68264,170.000,0.000
68265,172.000,0.000
68266,173.000,0.000
68267,173.000,0.000
68268,173.000,0.000
68269,172.000,0.000
68270,171.000,0.000
68271,171.000,0.000
68272,170.000,0.000
68273,171.000,0.000
68274,172.000,0.000
68275,173.000,0.000
68276,172.000,0.000
68277,172.000,0.000
68278,171.000,0.000
68279,170.000,0.000
68280,170.000,0.000
68281,170.000,0.000
68282,172.000,0.000
68283,173.000,0.000
68284,173.000,0.000
68285,173.000,0.000
68286,172.000,0.000
68287,171.000,0.000
68288,170.000,0.000
68289,170.000,0.000
68290,171.000,0.000
68291,172.000,0.000
68292,172.000,0.000
68293,172.000,0.000
68294,172.000,0.000
68295,171.000,0.000
68296,170.000,0.000
68297,170.000,0.000
68298,170.000,0.000
68299,171.000,0.000
68300,172.000,0.000
68301,172.000,0.000
68302,172.000,0.000
68303,172.000,0.000
68304,170.000,0.000
68305,170.000,0.000
68306,170.000,0.000
68307,171.000,0.000
68308,171.000,0.000
68309,172.000,0.000
68310,172.000,0.000
68311,172.000,0.000
68312,170.000,0.000
68313,170.000,0.000
68314,169.000,0.000
68315,170.000,0.000
68316,170.000,0.000
68317,172.000,0.000
68318,172.000,0.000
68319,172.000,0.000
68320,171.000,0.000
68321,170.000,0.000
68322,170.000,0.000
68323,170.000,0.000
68324,170.000,0.000
68325,172.000,0.000
68326,173.000,0.000
68327,173.000,0.000
68328,172.000,0.000
68329,171.000,0.000
68330,170.000,0.000
68331,170.000,0.000
68332,170.000,0.000
68333,171.000,0.000
68334,172.000,0.000
68335,173.000,0.000
68336,172.000,0.000
68337,172.000,0.000
68338,171.000,0.000
68339,170.000,0.000
68340,170.000,0.000
68341,171.000,0.000
68342,172.000,0.000
68343,173.000,0.000
68344,172.000,0.000
68345,172.000,0.000
68346,171.000,0.000
68347,170.000,0.000
68348,169.000,0.000
68349,170.000,0.000
68350,171.000,0.000
68351,172.000,0.000
68352,172.000,0.000
68353,172.000,0.000
68354,172.000,0.000
68355,171.000,0.000
68356,170.000,0.000
68357,170.000,0.000
68358,170.000,0.000
68359,172.000,0.000
68360,172.000,0.000
68361,173.000,0.000
68362,172.000,0.000
68363,171.000,0.000
68364,170.000,0.000
68365,170.000,0.000
68366,170.000,0.000
68367,171.000,0.000
68368,172.000,0.000
68369,172.000,0.000
68370,173.000,0.000
68371,172.000,0.000
68372,171.000,0.000
68373,170.000,0.000
68374,170.000,0.000
68375,171.000,0.000
68376,171.000,0.000
68377,173.000,0.000
68378,173.000,0.000
68379,173.000,0.000
68380,171.000,0.000
68381,171.000,0.000
68382,170.000,0.000
68383,170.000,0.000
68384,170.000,0.000
68385,172.000,0.000
68386,172.000,0.000
68387,172.000,0.000
68388,171.000,0.000
68389,171.000,0.000
68390,170.000,0.000
68391,170.000,0.000
68392,170.000,0.000
68393,172.000,0.000
68394,173.000,0.000
68395,173.000,0.000
68396,172.000,0.000
68397,172.000,0.000
68398,171.000,0.000
68399,170.000,0.000
68400,170.000,0.000
68401,171.000,0.000
68402,172.000,0.000
68403,173.000,0.000
68404,172.000,0.000
68405,172.000,0.000
68406,171.000,0.000
68407,171.000,0.000
68408,170.000,0.000
68409,171.000,0.000
68410,172.000,0.000
68411,173.000,0.000
68412,173.000,0.000
68413,173.000,0.000
68414,172.000,0.000
68415,171.000,0.000
68416,170.000,0.000
68417,171.000,0.000
68418,171.000,0.000
68419,172.000,0.000
68420,172.000,0.000
68421,173.000,0.000
68422,172.000,0.000
68423,171.000,0.000
68424,170.000,0.000
68425,170.000,0.000
68426,171.000,0.000
68427,172.000,0.000
68428,172.000,0.000
68429,173.000,0.000
68430,173.000,0.000
68431,172.000,0.000
68432,171.000,0.000
68433,170.000,0.000
68434,170.000,0.000
68435,171.000,0.000
68436,172.000,0.000
68437,172.000,0.000
68438,173.000,0.000
68439,172.000,0.000
68440,171.000,0.000
68441,170.000,0.000
68442,170.000,0.000
68443,170.000,0.000
68444,171.000,0.000
68445,172.000,0.000
68446,173.000,0.000
68447,173.000,0.000
68448,172.000,0.000
68449,171.000,0.000
68450,170.000,0.000
68451,170.000,0.000
68452,170.000,0.000
68453,172.000,0.000
68454,173.000,0.000
68455,173.000,0.000
68456,172.000,0.000
68457,171.000,0.000
68458,171.000,0.000
68459,170.000,0.000
68460,170.000,0.000
68461,171.000,0.000
68462,173.000,0.000
68463,173.000,0.000
68464,173.000,0.000
68465,172.000,0.000
68466,171.000,0.000
68467,171.000,0.000
68468,170.000,0.000
68469,171.000,0.000
68470,172.000,0.000
68471,173.000,0.000
68472,173.000,0.000
68473,172.000,0.000
68474,172.000,0.000
68475,171.000,0.000
68476,170.000,0.000
68477,170.000,0.000
68478,171.000,0.000
68479,172.000,0.000
68480,173.000,0.000
68481,173.000,0.000
68482,172.000,0.000
68483,171.000,0.000
68484,170.000,0.000
68485,171.000,0.000
68486,171.000,0.000
68487,172.000,0.000
68488,173.000,0.000
68489,173.000,0.000
68490,173.000,0.000
68491,172.000,0.000
68492,171.000,0.000
68493,170.000,0.000
68494,171.000,0.000
68495,171.000,0.000
68496,172.000,0.000
68497,173.000,0.000
68498,173.000,0.000
68499,172.000,0.000
68500,171.000,0.000
68501,170.000,0.000
68502,170.000,0.000
68503,171.000,0.000
68504,172.000,0.000
68505,173.000,0.000
68506,173.000,0.000
68507,173.000,0.000
68508,172.000,0.000
68509,171.000,0.000
68510,170.000,0.000
68511,171.000,0.000
68512,171.000,0.000
68513,172.000,0.000
68514,173.000,0.000
68515,173.000,0.000
68516,172.000,0.000
68517,171.000,0.000
68518,170.000,0.000
68519,170.000,0.000
68520,170.000,0.000
68521,171.000,0.000
68522,173.000,0.000
68523,173.000,0.000
68524,172.000,0.000
68525,172.000,0.000
68526,171.000,0.000
68527,170.000,0.000
68528,170.000,0.000
68529,171.000,0.000
68530,172.000,0.000
68531,173.000,0.000
68532,172.000,0.000
68533,172.000,0.000
68534,171.000,0.000
68535,170.000,0.000
68536,170.000,0.000
68537,170.000,0.000
68538,172.000,0.000
68539,173.000,0.000
68540,173.000,0.000
68541,173.000,0.000
68542,172.000,0.000
68543,171.000,0.000
68544,170.000,0.000
68545,170.000,0.000
68546,171.000,0.000
68547,172.000,0.000
68548,172.000,0.000
68549,172.000,0.000
68550,172.000,0.000
68551,171.000,0.000
68552,170.000,0.000
68553,170.000,0.000
68554,170.000,0.000
68555,171.000,0.000
68556,172.000,0.000
68557,173.000,0.000
68558,173.000,0.000
68559,172.000,0.000
68560,170.000,0.000
68561,170.000,0.000
68562,170.000,0.000
68563,171.000,0.000
68564,171.000,0.000
68565,172.000,0.000
68566,172.000,0.000
68567,172.000,0.000
68568,171.000,0.000
68569,170.000,0.000
68570,170.000,0.000
68571,170.000,0.000
68572,171.000,0.000
68573,172.000,0.000
68574,173.000,0.000
68575,173.000,0.000
68576,172.000,0.000
68577,171.000,0.000
68578,171.000,0.000
68579,171.000,0.000
68580,171.000,0.000
68581,172.000,0.000
68582,173.000,0.000
68583,173.000,0.000
68584,172.000,0.000
68585,171.000,0.000
68586,171.000,0.000
68587,170.000,0.000
68588,170.000,0.000
68589,171.000,0.000
68590,172.000,0.000
68591,173.000,0.000
68592,173.000,0.000
68593,172.000,0.000
68594,171.000,0.000
68595,171.000,0.000
68596,170.000,0.000
68597,171.000,0.000
68598,172.000,0.000
68599,173.000,0.000
68600,173.000,0.000
68601,172.000,0.000
68602,172.000,0.000
68603,171.000,0.000
68604,170.000,0.000
68605,170.000,0.000
68606,171.000,0.000
68607,172.000,0.000
68608,172.000,0.000
68609,172.000,0.000
68610,172.000,0.000
68611,171.000,0.000
68612,170.000,0.000
68613,170.000,0.000
68614,171.000,0.000
68615,172.000,0.000
68616,173.000,0.000
68617,173.000,0.000
68618,173.000,0.000
68619,172.000,0.000
68620,171.000,0.000
68621,170.000,0.000
68622,171.000,0.000
68623,172.000,0.000
68624,172.000,0.000
68625,173.000,0.000
68626,173.000,0.000
68627,173.000,0.000
68628,171.000,0.000
68629,171.000,0.000
68630,171.000,0.000
68631,172.000,0.000
68632,172.000,0.000
68633,173.000,0.000
68634,174.000,0.000
68635,173.000,0.000
68636,172.000,0.000
68637,171.000,0.000
68638,171.000,0.000
68639,171.000,0.000
68640,171.000,0.000
68641,172.000,0.000
68642,173.000,0.000
68643,173.000,0.000
68644,172.000,0.000
68645,171.000,0.000
68646,171.000,0.000
68647,170.000,0.000
68648,170.000,0.000
68649,172.000,0.000
68650,173.000,0.000
68651,173.000,0.000
68652,173.000,0.000
68653,172.000,0.000
68654,171.000,0.000
68655,170.000,0.000
68656,170.000,0.000
68657,171.000,0.000
68658,172.000,0.000
68659,173.000,0.000
68660,172.000,0.000
68661,172.000,0.000
68662,171.000,0.000
68663,170.000,0.000
68664,170.000,0.000
68665,170.000,0.000
68666,172.000,0.000
68667,173.000,0.000
68668,173.000,0.000
68669,173.000,0.000
68670,172.000,0.000
68671,171.000,0.000
68672,170.000,0.000
68673,170.000,0.000
68674,171.000,0.000
68675,172.000,0.000
68676,172.000,0.000
68677,172.000,0.000
68678,172.000,0.000
68679,171.000,0.000
68680,170.000,0.000
68681,170.000,0.000
68682,170.000,0.000
68683,171.000,0.000
68684,172.000,0.000
68685,173.000,0.000
68686,173.000,0.000
68687,172.000,0.000
68688,170.000,0.000
68689,170.000,0.000
68690,170.000,0.000
68691,171.000,0.000
68692,171.000,0.000
68693,172.000,0.000
68694,172.000,0.000
68695,172.000,0.000
68696,171.000,0.000
68697,170.000,0.000
68698,170.000,0.000
68699,170.000,0.000
68700,171.000,0.000
68701,172.000,0.000
68702,173.000,0.000
68703,173.000,0.000
68704,172.000,0.000
68705,171.000,0.000
68706,171.000,0.000
68707,171.000,0.000
68708,171.000,0.000
68709,172.000,0.000
68710,173.000,0.000
68711,173.000,0.000
68712,172.000,0.000
68713,171.000,0.000
68714,170.000,0.000
68715,170.000,0.000
68716,170.000,0.000
68717,171.000,0.000
68718,172.000,0.000
68719,173.000,0.000
68720,172.000,0.000
68721,172.000,0.000
68722,171.000,0.000
68723,170.000,0.000
68724,170.000,0.000
68725,171.000,0.000
68726,172.000,0.000
68727,173.000,0.000
68728,172.000,0.000
68729,172.000,0.000
68730,171.000,0.000
68731,171.000,0.000
68732,170.000,0.000
68733,170.000,0.000
68734,171.000,0.000
68735,172.000,0.000
68736,172.000,0.000
68737,173.000,0.000
68738,172.000,0.000
68739,171.000,0.000
68740,170.000,0.000
68741,170.000,0.000
68742,171.000,0.000
68743,172.000,0.000
68744,173.000,0.000
68745,173.000,0.000
68746,173.000,0.000
68747,172.000,0.000
68748,171.000,0.000
68749,170.000,0.000
68750,171.000,0.000
68751,172.000,0.000
68752,172.000,0.000
68753,173.000,0.000
68754,173.000,0.000
68755,173.000,0.000
68756,171.000,0.000
68757,171.000,0.000
68758,171.000,0.000
68759,171.000,0.000
68760,172.000,0.000
68761,173.000,0.000
68762,174.000,0.000
68763,173.000,0.000
68764,172.000,0.000
68765,171.000,0.000
68766,171.000,0.000
68767,171.000,0.000
68768,171.000,0.000
68769,172.000,0.000
68770,173.000,0.000
68771,173.000,0.000
68772,172.000,0.000
68773,171.000,0.000
68774,171.000,0.000
68775,171.000,0.000
68776,171.000,0.000
68777,172.000,0.000
68778,173.000,0.000
68779,173.000,0.000
68780,173.000,0.000
68781,172.000,0.000
68782,171.000,0.000
68783,171.000,0.000
68784,170.000,0.000
68785,171.000,0.000
68786,172.000,0.000
68787,173.000,0.000
68788,172.000,0.000
68789,172.000,0.000
68790,171.000,0.000
68791,170.000,0.000
68792,170.000,0.000
68793,171.000,0.000
68794,172.000,0.000
68795,173.000,0.000
68796,173.000,0.000
68797,173.000,0.000
68798,172.000,0.000
68799,171.000,0.000
68800,170.000,0.000
68801,170.000,0.000
68802,171.000,0.000
68803,172.000,0.000
68804,172.000,0.000
68805,173.000,0.000
68806,172.000,0.000
68807,171.000,0.000
68808,170.000,0.000
68809,170.000,0.000
68810,170.000,0.000
68811,171.000,0.000
68812,172.000,0.000
68813,173.000,0.000
68814,173.000,0.000
68815,172.000,0.000
68816,171.000,0.000
68817,170.000,0.000
68818,170.000,0.000
68819,171.000,0.000
68820,172.000,0.000
68821,172.000,0.000
68822,173.000,0.000
68823,172.000,0.000
68824,171.000,0.000
68825,170.000,0.000
68826,170.000,0.000
68827,170.000,0.000
68828,171.000,0.000
68829,172.000,0.000
68830,173.000,0.000
68831,173.000,0.000
68832,171.000,0.000
68833,171.000,0.000
68834,170.000,0.000
68835,173.000,0.000
68836,173.000,0.000
68837,171.000,0.000
68838,171.000,0.000
68839,170.000,0.000
68840,171.000,0.000
68841,170.000,0.000
68842,170.000,0.000
68843,170.000,0.000
END
Total time: 0 h 0 m 5 s